-1.242671020507812500e+03
-7.525539550781250000e+02
-1.068204101562500000e+03
-1.313912841796875000e+03
-8.604257812500000000e+02
-1.414706420898437500e+03
-1.068461059570312500e+03
-8.486709594726562500e+02
-1.246846679687500000e+03
-1.308270019531250000e+03
-8.341528930664062500e+02
-9.642982177734375000e+02
-1.808980957031250000e+03
-1.518907470703125000e+03
-1.295249633789062500e+03
-1.360200317382812500e+03
-1.248753051757812500e+03
-1.403041625976562500e+03
-1.377273925781250000e+03
-8.774671630859375000e+02
-1.711233276367187500e+03
-1.077990966796875000e+03
-9.316460571289062500e+02
-8.768402709960937500e+02
-1.651203491210937500e+03
-9.685971679687500000e+02
-9.702716064453125000e+02
-1.567718505859375000e+03
-1.197372680664062500e+03
-7.583906250000000000e+02
-1.078118041992187500e+03
-8.626528320312500000e+02
-1.563865112304687500e+03
-1.446454467773437500e+03
-1.282872192382812500e+03
-8.978761596679687500e+02
-9.835627441406250000e+02
-9.856174926757812500e+02
-1.617014282226562500e+03
-1.182831054687500000e+03
-1.336502563476562500e+03
-1.003183410644531250e+03
-9.966351318359375000e+02
-1.431591674804687500e+03
-1.125003662109375000e+03
-1.615184692382812500e+03
-1.094720581054687500e+03
-1.139202392578125000e+03
-1.100672241210937500e+03
-1.025879516601562500e+03
-1.044667236328125000e+03
-1.051103027343750000e+03
-1.210254760742187500e+03
-9.850424804687500000e+02
-1.147411621093750000e+03
-1.182464111328125000e+03
-1.148654907226562500e+03
-1.100714355468750000e+03
-1.310724487304687500e+03
-1.163393798828125000e+03
-1.198438232421875000e+03
-1.127011840820312500e+03
-1.185471557617187500e+03
-1.087578002929687500e+03
-1.355846923828125000e+03
-1.260395263671875000e+03
-1.273244628906250000e+03
-1.265637329101562500e+03
-1.226589111328125000e+03
-1.272783325195312500e+03
-1.306849365234375000e+03
-1.096203857421875000e+03
-1.755971191406250000e+03
-1.312042114257812500e+03
-1.149165039062500000e+03
-1.340507812500000000e+03
-1.313701782226562500e+03
-1.141748413085937500e+03
-1.209361328125000000e+03
-1.348133300781250000e+03
-1.190291381835937500e+03
-1.202724853515625000e+03
-1.609036376953125000e+03
-1.320611816406250000e+03
-1.257705200195312500e+03
-1.155332885742187500e+03
-1.306234863281250000e+03
-1.158447387695312500e+03
-1.162590820312500000e+03
-1.262397949218750000e+03
-1.175591308593750000e+03
-1.186560668945312500e+03
-1.238336791992187500e+03
-1.147979492187500000e+03
-1.212735107421875000e+03
-1.214867553710937500e+03
-1.333682495117187500e+03
-1.239472534179687500e+03
-1.329918701171875000e+03
-1.152917724609375000e+03
-1.203723754882812500e+03
-1.036711547851562500e+03
-1.303057739257812500e+03
-1.130290283203125000e+03
-1.237094482421875000e+03
-1.193849731445312500e+03
-1.317930664062500000e+03
-1.198369873046875000e+03
-1.123019897460937500e+03
-1.139000366210937500e+03
-1.240024658203125000e+03
-1.169177368164062500e+03
-1.247412353515625000e+03
-1.225118530273437500e+03
-1.127385131835937500e+03
-1.273879150390625000e+03
-1.052529785156250000e+03
-1.208892089843750000e+03
-1.198406982421875000e+03
-1.135279296875000000e+03
-1.160009765625000000e+03
-1.167060913085937500e+03
-1.262194458007812500e+03
-1.192144775390625000e+03
-1.331289184570312500e+03
-1.294331787109375000e+03
-1.315994018554687500e+03
-1.192376586914062500e+03
-1.274968505859375000e+03
-1.225872680664062500e+03
-1.163516113281250000e+03
-1.131773681640625000e+03
-1.278346923828125000e+03
-1.243022216796875000e+03
-1.275418090820312500e+03
-1.175541137695312500e+03
-1.272901245117187500e+03
-1.183796997070312500e+03
-1.366680664062500000e+03
-1.339880371093750000e+03
-1.254974365234375000e+03
-1.236567138671875000e+03
-1.013163818359375000e+03
-1.179120361328125000e+03
-1.193107910156250000e+03
-1.189714965820312500e+03
-1.323353393554687500e+03
-1.257578613281250000e+03
-1.101608886718750000e+03
-9.719680786132812500e+02
-1.035825927734375000e+03
-1.186381835937500000e+03
-1.105983398437500000e+03
-1.171424438476562500e+03
-1.395518310546875000e+03
-1.284446411132812500e+03
-1.459805297851562500e+03
-1.367511718750000000e+03
-1.051437377929687500e+03
-1.236448364257812500e+03
-1.206168334960937500e+03
-1.162838867187500000e+03
-1.196756347656250000e+03
-1.142708374023437500e+03
-1.167330322265625000e+03
-1.389926635742187500e+03
-1.183138427734375000e+03
-1.160507446289062500e+03
-1.324987670898437500e+03
-1.189175292968750000e+03
-1.134756103515625000e+03
-1.150509277343750000e+03
-1.008089111328125000e+03
-1.124214965820312500e+03
-1.156392089843750000e+03
-1.265986816406250000e+03
-1.271736816406250000e+03
-1.175002197265625000e+03
-1.205570556640625000e+03
-1.215230957031250000e+03
-1.130596801757812500e+03
-1.160523193359375000e+03
-1.151460205078125000e+03
-1.283072753906250000e+03
-1.207719970703125000e+03
-1.239009155273437500e+03
-1.140688964843750000e+03
-1.405877319335937500e+03
-1.328330688476562500e+03
-1.233139160156250000e+03
-1.200106201171875000e+03
-1.174012573242187500e+03
-1.278725097656250000e+03
-1.197489868164062500e+03
-1.218066894531250000e+03
-1.647081665039062500e+03
-1.157349609375000000e+03
-1.154176391601562500e+03
-1.179656860351562500e+03
-1.022121643066406250e+03
-1.174534912109375000e+03
-1.151627075195312500e+03
-1.078963623046875000e+03
-1.267118530273437500e+03
-1.021908691406250000e+03
-1.092244018554687500e+03
-1.113856445312500000e+03
-1.226451171875000000e+03
-1.127848266601562500e+03
-1.327082641601562500e+03
-1.157927612304687500e+03
-1.146870117187500000e+03
-1.152195922851562500e+03
-1.264138793945312500e+03
-1.165399169921875000e+03
-1.196350097656250000e+03
-1.111392822265625000e+03
-1.176583984375000000e+03
-1.181933349609375000e+03
-1.497581542968750000e+03
-1.152816040039062500e+03
-9.904898071289062500e+02
-1.239606445312500000e+03
-1.031735717773437500e+03
-1.124380371093750000e+03
-1.040832885742187500e+03
-1.185266357421875000e+03
-1.146485961914062500e+03
-1.162117187500000000e+03
-1.137939941406250000e+03
-1.179616210937500000e+03
-1.232503173828125000e+03
-1.415230224609375000e+03
-1.199622070312500000e+03
-1.205719848632812500e+03
-1.137604125976562500e+03
-1.177033447265625000e+03
-1.151516967773437500e+03
-1.358544189453125000e+03
-9.021597900390625000e+02
-1.035936523437500000e+03
-1.087742675781250000e+03
-8.168435058593750000e+02
-1.029756469726562500e+03
-8.909057006835937500e+02
-1.135085571289062500e+03
-1.021032592773437500e+03
-1.123062377929687500e+03
-1.044111083984375000e+03
-1.022266052246093750e+03
-1.174155883789062500e+03
-1.307099121093750000e+03
-1.126957763671875000e+03
-1.118703735351562500e+03
-1.076782958984375000e+03
-9.119536743164062500e+02
-1.213729370117187500e+03
-1.045168334960937500e+03
-1.033640869140625000e+03
-1.204505859375000000e+03
-1.130918945312500000e+03
-1.042386352539062500e+03
-1.204217651367187500e+03
-9.119141845703125000e+02
-7.744552612304687500e+02
-1.319252319335937500e+03
-1.137965087890625000e+03
-1.106023315429687500e+03
-1.034064086914062500e+03
-8.785998535156250000e+02
-1.024431152343750000e+03
-9.653950805664062500e+02
-9.831146240234375000e+02
-1.026056030273437500e+03
-9.857680053710937500e+02
-1.042181274414062500e+03
-1.005068847656250000e+03
-1.101294555664062500e+03
-9.178450317382812500e+02
-1.128206298828125000e+03
-9.670116577148437500e+02
-8.977703857421875000e+02
-1.055260131835937500e+03
-1.045739135742187500e+03
-8.882528076171875000e+02
-8.610401611328125000e+02
-1.198878906250000000e+03
-9.803975219726562500e+02
-1.103917114257812500e+03
-1.048078613281250000e+03
-1.006174926757812500e+03
-9.903542480468750000e+02
-6.754582519531250000e+02
-1.160387207031250000e+03
-1.259179687500000000e+03
-1.046686035156250000e+03
-1.028558227539062500e+03
-1.043292480468750000e+03
-1.104640625000000000e+03
-8.909077758789062500e+02
-1.047404785156250000e+03
-1.063857055664062500e+03
-1.167865234375000000e+03
-1.165354980468750000e+03
-1.105775756835937500e+03
-1.178156372070312500e+03
-1.104353759765625000e+03
-1.133764282226562500e+03
-1.063004882812500000e+03
-1.154920776367187500e+03
-1.048401977539062500e+03
-8.714818725585937500e+02
-1.038870971679687500e+03
-7.612113647460937500e+02
-9.472069091796875000e+02
-1.214430419921875000e+03
-1.122811523437500000e+03
-1.015404235839843750e+03
-1.054300659179687500e+03
-1.103775146484375000e+03
-9.393290405273437500e+02
-1.140953491210937500e+03
-1.029682250976562500e+03
-1.155616333007812500e+03
-1.035165283203125000e+03
-1.127256347656250000e+03
-1.204730346679687500e+03
-1.141240722656250000e+03
-1.116748046875000000e+03
-1.185070922851562500e+03
-1.273226196289062500e+03
-1.102234375000000000e+03
-1.176210571289062500e+03
-1.038739379882812500e+03
-1.164803344726562500e+03
-1.080539306640625000e+03
-1.045105102539062500e+03
-1.032221191406250000e+03
-1.105766845703125000e+03
-1.173557373046875000e+03
-1.126844238281250000e+03
-1.097138671875000000e+03
-9.026256713867187500e+02
-1.022292968750000000e+03
-8.030775756835937500e+02
-9.976924438476562500e+02
-9.294086303710937500e+02
-1.036180541992187500e+03
-1.168118652343750000e+03
-1.164351684570312500e+03
-1.195390014648437500e+03
-1.131101318359375000e+03
-9.704997558593750000e+02
-1.060097534179687500e+03
-1.051314208984375000e+03
-8.443583984375000000e+02
-1.039484130859375000e+03
-1.076783447265625000e+03
-9.242824096679687500e+02
-7.284266967773437500e+02
-9.046278076171875000e+02
-6.283108520507812500e+02
-8.824684448242187500e+02
-1.125158935546875000e+03
-1.005964599609375000e+03
-1.077761596679687500e+03
-8.437415771484375000e+02
-8.518563842773437500e+02
-7.505301513671875000e+02
-7.088545532226562500e+02
-8.615280151367187500e+02
-8.482374877929687500e+02
-9.776832885742187500e+02
-1.097509643554687500e+03
-9.453357543945312500e+02
-8.936895751953125000e+02
-7.501652832031250000e+02
-7.813867797851562500e+02
-9.154375000000000000e+02
-1.053338500976562500e+03
-1.037583129882812500e+03
-9.157916259765625000e+02
-9.135064697265625000e+02
-7.797047729492187500e+02
-1.148805053710937500e+03
-8.180906372070312500e+02
-1.015790100097656250e+03
-9.041049804687500000e+02
-1.033720092773437500e+03
-1.048443603515625000e+03
-9.615515136718750000e+02
-9.380128784179687500e+02
-1.033032348632812500e+03
-1.019766662597656250e+03
-8.802143554687500000e+02
-7.774605712890625000e+02
-1.011479248046875000e+03
-1.091769897460937500e+03
-1.056434814453125000e+03
-1.077057128906250000e+03
-9.074392089843750000e+02
-1.061609008789062500e+03
-7.415449829101562500e+02
-7.668039550781250000e+02
-5.501560668945312500e+02
-8.836287231445312500e+02
-1.032888793945312500e+03
-1.022015991210937500e+03
-9.718662109375000000e+02
-1.097362426757812500e+03
-1.022642272949218750e+03
-9.003763427734375000e+02
-9.290305786132812500e+02
-1.142109985351562500e+03
-9.721660766601562500e+02
-1.027971191406250000e+03
-7.575499877929687500e+02
-7.499194946289062500e+02
-7.670845947265625000e+02
-6.296309814453125000e+02
-7.740822753906250000e+02
-6.893068847656250000e+02
-8.838676757812500000e+02
-1.206906616210937500e+03
-1.152649536132812500e+03
-1.005107604980468750e+03
-9.151971435546875000e+02
-8.743869628906250000e+02
-8.741453857421875000e+02
-8.598151245117187500e+02
-1.062716064453125000e+03
-7.455785522460937500e+02
-8.617462768554687500e+02
-1.031985717773437500e+03
-7.645764160156250000e+02
-9.092827758789062500e+02
-1.017916748046875000e+03
-1.117387207031250000e+03
-1.051496215820312500e+03
-1.067709106445312500e+03
-7.609340820312500000e+02
-5.095305786132812500e+02
-7.512716064453125000e+02
-7.484572753906250000e+02
-6.067424316406250000e+02
-7.592702026367187500e+02
-7.267603759765625000e+02
-9.259683227539062500e+02
-7.808718872070312500e+02
-6.409067382812500000e+02
-1.015131591796875000e+03
-9.694425048828125000e+02
-9.118208007812500000e+02
-1.046996215820312500e+03
-9.100142822265625000e+02
-1.168614257812500000e+03
-1.082156372070312500e+03
-1.118372924804687500e+03
-1.095637084960937500e+03
-1.193355834960937500e+03
-1.220920776367187500e+03
-1.151083251953125000e+03
-1.177198974609375000e+03
-1.152856323242187500e+03
-1.104679077148437500e+03
-1.027108642578125000e+03
-1.059172729492187500e+03
-6.318406372070312500e+02
-8.762398681640625000e+02
-5.113354797363281250e+02
-7.758586425781250000e+02
-7.583720092773437500e+02
-7.874756469726562500e+02
-7.603616943359375000e+02
-8.867310180664062500e+02
-7.628571777343750000e+02
-7.504083251953125000e+02
-1.151270629882812500e+03
-6.513066406250000000e+02
-9.256145019531250000e+02
-8.895929565429687500e+02
-9.005396118164062500e+02
-1.102528564453125000e+03
-7.594699707031250000e+02
-1.057844970703125000e+03
-9.287578735351562500e+02
-1.063849731445312500e+03
-7.869223632812500000e+02
-1.139916137695312500e+03
-9.424979858398437500e+02
-9.174752197265625000e+02
-8.780852050781250000e+02
-8.854866333007812500e+02
-6.454104003906250000e+02
-7.618598632812500000e+02
-1.025267822265625000e+03
-1.043113281250000000e+03
-1.044803710937500000e+03
-6.573934936523437500e+02
-9.160272827148437500e+02
-9.820067138671875000e+02
-1.015556274414062500e+03
-8.742871093750000000e+02
-8.640886840820312500e+02
-7.468536987304687500e+02
-7.548225708007812500e+02
-6.777665405273437500e+02
-8.894093627929687500e+02
-7.588014526367187500e+02
-1.009344909667968750e+03
-1.030795043945312500e+03
-8.004654541015625000e+02
-8.862611694335937500e+02
-6.453707885742187500e+02
-6.433653564453125000e+02
-7.575387573242187500e+02
-5.335067138671875000e+02
-6.330574340820312500e+02
-7.153353271484375000e+02
-1.061695922851562500e+03
-8.680010375976562500e+02
-8.165379638671875000e+02
-8.850671997070312500e+02
-9.111695556640625000e+02
-6.327636718750000000e+02
-6.390720214843750000e+02
-1.031399536132812500e+03
-9.245988769531250000e+02
-6.667586059570312500e+02
-7.372241210937500000e+02
-6.430906982421875000e+02
-7.288483886718750000e+02
-9.913065795898437500e+02
-9.571511230468750000e+02
-9.813870239257812500e+02
-1.060935058593750000e+03
-9.185156250000000000e+02
-6.466755371093750000e+02
-7.812783813476562500e+02
-8.154812622070312500e+02
-9.064494628906250000e+02
-1.018326232910156250e+03
-8.149955444335937500e+02
-6.376206054687500000e+02
-8.766651611328125000e+02
-6.392795410156250000e+02
-7.048636474609375000e+02
-6.520455322265625000e+02
-8.288165893554687500e+02
-6.384751586914062500e+02
-6.385374145507812500e+02
-7.550872802734375000e+02
-6.476257324218750000e+02
-7.730476684570312500e+02
-8.812114257812500000e+02
-7.705468750000000000e+02
-8.740565795898437500e+02
-7.755734252929687500e+02
-7.924204711914062500e+02
-6.456679687500000000e+02
-6.730401000976562500e+02
-7.897359619140625000e+02
-7.718846435546875000e+02
-8.993695678710937500e+02
-9.182687377929687500e+02
-1.084099365234375000e+03
-1.027232543945312500e+03
-3.859768676757812500e+02
-5.929330444335937500e+02
-7.704633178710937500e+02
-6.409302368164062500e+02
-7.517103271484375000e+02
-7.534230346679687500e+02
-1.023988281250000000e+03
-9.650131835937500000e+02
-1.062409179687500000e+03
-1.035758789062500000e+03
-1.069840942382812500e+03
-8.968043823242187500e+02
-9.112933959960937500e+02
-7.793017578125000000e+02
-7.796286010742187500e+02
-7.300264892578125000e+02
-6.439265136718750000e+02
-8.024099731445312500e+02
-5.084290161132812500e+02
-7.569432983398437500e+02
-7.544523925781250000e+02
-6.333375854492187500e+02
-6.373948364257812500e+02
-7.546171875000000000e+02
-7.376976928710937500e+02
-6.370272216796875000e+02
-5.163471069335937500e+02
-6.439007568359375000e+02
-5.006659240722656250e+02
-6.292727661132812500e+02
-7.619674682617187500e+02
-7.785020141601562500e+02
-7.272183227539062500e+02
-3.853117370605468750e+02
-6.480842895507812500e+02
-5.918693237304687500e+02
-6.733105468750000000e+02
-6.344161987304687500e+02
-5.156730346679687500e+02
-7.985922241210937500e+02
-1.023058776855468750e+03
-7.876010742187500000e+02
-5.495496826171875000e+02
-8.637800292968750000e+02
-9.561030883789062500e+02
-1.064927612304687500e+03
-8.925628051757812500e+02
-9.295296020507812500e+02
-8.459083862304687500e+02
-6.438391723632812500e+02
-6.524216918945312500e+02
-5.178662109375000000e+02
-9.028609008789062500e+02
-8.868110961914062500e+02
-5.228258666992187500e+02
-3.856811828613281250e+02
-6.756179809570312500e+02
-6.298351440429687500e+02
-6.377916259765625000e+02
-5.135328369140625000e+02
-6.749670410156250000e+02
-5.170437622070312500e+02
-5.360492553710937500e+02
-4.074593505859375000e+02
-7.798479003906250000e+02
-9.432273559570312500e+02
-5.136245117187500000e+02
-3.898306884765625000e+02
-3.958823242187500000e+02
-6.341881103515625000e+02
-3.861391601562500000e+02
-5.081280822753906250e+02
-3.832351684570312500e+02
-5.126956176757812500e+02
-8.466490478515625000e+02
-9.196746826171875000e+02
-6.542504882812500000e+02
-5.194838867187500000e+02
-6.377266845703125000e+02
-8.857218017578125000e+02
-7.689716796875000000e+02
-6.747742919921875000e+02
-7.474979858398437500e+02
-8.116594848632812500e+02
-3.911749877929687500e+02
-6.165539550781250000e+02
-6.354617919921875000e+02
-7.500535888671875000e+02
-7.813788452148437500e+02
-5.117785034179687500e+02
-7.653063354492187500e+02
-6.478361816406250000e+02
-8.289428710937500000e+02
-5.109862670898437500e+02
-3.991302795410156250e+02
-4.018381347656250000e+02
-5.249138183593750000e+02
-6.408265380859375000e+02
-6.377492065429687500e+02
-7.665510864257812500e+02
-9.218185424804687500e+02
-7.688256225585937500e+02
-7.513978271484375000e+02
-6.451792602539062500e+02
-6.434476318359375000e+02
-5.154120483398437500e+02
-5.039136352539062500e+02
-6.446618041992187500e+02
-2.603641662597656250e+02
-7.865364990234375000e+02
-9.449393310546875000e+02
-1.019439147949218750e+03
-7.961948852539062500e+02
-1.116071044921875000e+03
-1.149905273437500000e+03
-5.540787963867187500e+02
-1.152171875000000000e+03
-1.069486694335937500e+03
-7.624674682617187500e+02
-5.210736083984375000e+02
-5.004194335937500000e+02
-7.623429565429687500e+02
-7.844664916992187500e+02
-6.841706542968750000e+02
-6.713566894531250000e+02
-9.151099853515625000e+02
-2.597560729980468750e+02
-5.202557983398437500e+02
-5.189157714843750000e+02
-6.435833129882812500e+02
-6.525798950195312500e+02
-2.316143493652343750e+02
-6.358231811523437500e+02
-3.882556152343750000e+02
-5.146898803710937500e+02
-4.773155212402343750e+02
-1.066426879882812500e+03
-9.273082885742187500e+02
-1.066754028320312500e+03
-1.186042846679687500e+03
-1.169983764648437500e+03
-1.207672363281250000e+03
-1.187658569335937500e+03
-1.055719116210937500e+03
-1.011078063964843750e+03
-1.072242309570312500e+03
-1.196937500000000000e+03
-1.167140380859375000e+03
-1.040375244140625000e+03
-1.119794189453125000e+03
-1.070767578125000000e+03
-9.160693969726562500e+02
-7.717576293945312500e+02
-2.714660034179687500e+02
-1.044711914062500000e+03
-6.587379150390625000e+02
-1.020148376464843750e+03
-6.775034179687500000e+02
-4.815612182617187500e+02
-9.075014038085937500e+02
-7.890611572265625000e+02
-6.459559936523437500e+02
-2.632201538085937500e+02
-5.099717102050781250e+02
-6.384303588867187500e+02
-8.216990966796875000e+02
-5.272158813476562500e+02
-9.056314697265625000e+02
-5.271834106445312500e+02
-5.492872924804687500e+02
-3.931690063476562500e+02
-7.882111816406250000e+02
-6.540606689453125000e+02
-6.568270263671875000e+02
-4.031244201660156250e+02
-6.262075805664062500e+02
-3.903807678222656250e+02
-6.432042846679687500e+02
-6.849068603515625000e+02
-3.805710754394531250e+02
-5.205796508789062500e+02
-5.282124023437500000e+02
-7.871641845703125000e+02
-5.483835449218750000e+02
-6.508858032226562500e+02
-7.617445068359375000e+02
-8.882833862304687500e+02
-5.678141479492187500e+02
-7.300372924804687500e+02
-6.375794677734375000e+02
-3.945921325683593750e+02
-6.584089965820312500e+02
-3.893160400390625000e+02
-9.105277099609375000e+02
-5.225430908203125000e+02
-2.586651000976562500e+02
-1.040096191406250000e+03
-9.180596313476562500e+02
-8.850180053710937500e+02
-1.065772705078125000e+03
-5.144824218750000000e+02
-3.931529235839843750e+02
-1.312320556640625000e+02
-6.184115600585937500e+02
-8.866886596679687500e+02
-6.534304199218750000e+02
-5.171859130859375000e+02
-3.907616882324218750e+02
-3.907705993652343750e+02
-3.940364379882812500e+02
-3.853323669433593750e+02
-6.391240844726562500e+02
-2.622302551269531250e+02
-5.728811645507812500e+02
-3.868861999511718750e+02
-5.572596435546875000e+02
-2.646253662109375000e+02
-2.615160522460937500e+02
-2.573164978027343750e+02
-6.812482910156250000e+02
-3.861590881347656250e+02
-6.586895141601562500e+02
-6.539939575195312500e+02
-6.425267944335937500e+02
-7.790228881835937500e+02
-5.232389526367187500e+02
-4.223732299804687500e+02
-2.551791229248046875e+02
-5.987178344726562500e+02
-5.373563842773437500e+02
-1.340766906738281250e+02
-3.949734497070312500e+02
-2.530211791992187500e+02
-3.857524719238281250e+02
-2.581715698242187500e+02
-4.174887390136718750e+02
-1.327540130615234375e+02
-2.655206909179687500e+02
-3.963092346191406250e+02
-2.690910339355468750e+02
-5.239957275390625000e+02
-2.641992187500000000e+02
-1.289411926269531250e+02
-1.275904159545898438e+02
-3.906498718261718750e+02
-3.977099609375000000e+02
-6.569547119140625000e+02
-7.886915283203125000e+02
-9.443663940429687500e+02
-8.531027221679687500e+02
-5.064658813476562500e+02
-8.785756225585937500e+02
-1.377568359375000000e+02
-1.324618072509765625e+02
-3.620583295822143555e+00
-8.066251831054687500e+02
-7.233032836914062500e+02
-9.110462188720703125e+00
-7.097319946289062500e+02
-2.639062500000000000e+02
-1.358655853271484375e+02
-2.575803833007812500e+02
-5.238459472656250000e+02
-4.000675659179687500e+02
-2.616501770019531250e+02
-2.560808715820312500e+02
-1.315272216796875000e+02
-1.310162353515625000e+02
-3.929288024902343750e+02
-3.978827819824218750e+02
-3.865453186035156250e+02
-2.797595262527465820e+00
-3.879766845703125000e+02
-2.610975036621093750e+02
-3.904154357910156250e+02
-1.307859191894531250e+02
-4.092313842773437500e+02
-2.617532043457031250e+02
-2.595543212890625000e+02
-2.542735595703125000e+02
-1.302380218505859375e+02
-5.626210937500000000e+02
-4.003734130859375000e+02
-1.300801391601562500e+02
-4.025043640136718750e+02
-1.328103942871093750e+02
-2.564692993164062500e+02
-3.987846679687500000e+02
-3.867582397460937500e+02
-6.242111206054687500e+02
-2.588560485839843750e+02
-1.309589080810546875e+02
-1.298971405029296875e+02
-7.903303833007812500e+02
-1.324548797607421875e+02
-3.429271578788757324e-01
-2.608522338867187500e+02
-1.270870208740234375e+02
-6.749290161132812500e+02
-9.385390625000000000e+02
-3.198096990585327148e+00
-6.074401736259460449e-01
-4.213306274414062500e+02
-4.188236083984375000e+02
-3.935189819335937500e+02
-3.761072692871093750e+02
-2.674852600097656250e+02
-1.319448547363281250e+02
-2.302436113357543945e+00
-2.266610860824584961e+00
-1.276766433715820312e+02
-8.050443115234375000e+02
-7.983985595703125000e+02
-5.113941040039062500e+02
-2.567945556640625000e+02
-1.309466094970703125e+02
-2.596350708007812500e+02
-5.298713378906250000e+02
-5.098183593750000000e+02
-5.222831420898437500e+02
-2.582087402343750000e+02
-2.568074645996093750e+02
-1.309812011718750000e+02
-3.847762451171875000e+02
-6.715704202651977539e-01
-3.948607788085937500e+02
-2.713752508163452148e+00
-3.964269161224365234e-01
-5.180395507812500000e+02
-3.932981262207031250e+02
-6.843496704101562500e+02
-3.880540466308593750e+02
-4.715544700622558594e+00
-2.597359008789062500e+02
-5.312647094726562500e+02
-5.316283569335937500e+02
-1.271860809326171875e+02
-3.988890686035156250e+02
-2.628206176757812500e+02
-2.669858703613281250e+02
-2.606831970214843750e+02
-1.268177108764648438e+02
-1.309862365722656250e+02
-7.835369706153869629e-01
-2.917684316635131836e-01
-4.066832275390625000e+02
-4.070912170410156250e+02
-2.618607788085937500e+02
-1.301994171142578125e+02
-2.543810119628906250e+02
-2.628462829589843750e+02
-3.752590637207031250e+02
-2.595298461914062500e+02
-3.896627807617187500e+02
-1.300794525146484375e+02
-3.811398315429687500e+02
-1.303846130371093750e+02
-5.265319213867187500e+02
-1.296702728271484375e+02
-5.327544555664062500e+02
-2.691917419433593750e+02
-1.255749816894531250e+02
-4.473354797363281250e+02
-2.197813838720321655e-01
-1.318192291259765625e+02
-1.269292907714843750e+02
-6.706107788085937500e+02
-1.311623229980468750e+02
-4.757613539695739746e-01
-5.096939086914062500e+02
-4.761376380920410156e-01
-2.638901672363281250e+02
-1.299040985107421875e+02
-1.551379114389419556e-01
-1.328232116699218750e+02
-1.295014953613281250e+02
-9.353149414062500000e+02
-6.097739868164062500e+02
-1.277731475830078125e+02
-2.624324645996093750e+02
-1.306221466064453125e+02
-2.659003295898437500e+02
-2.628761596679687500e+02
-2.580744934082031250e+02
-2.641993408203125000e+02
-2.586960554122924805e+00
-3.394330739974975586e-01
-1.290932617187500000e+02
-3.897158813476562500e+02
-5.580915527343750000e+02
-3.964343261718750000e+02
-2.637717285156250000e+02
-2.613620910644531250e+02
-2.542046508789062500e+02
-2.607832336425781250e+02
-1.308653717041015625e+02
-3.819268798828125000e+02
-2.650925517082214355e-01
-4.017061767578125000e+02
-1.293421325683593750e+02
-2.645688781738281250e+02
-3.868459167480468750e+02
-1.282942810058593750e+02
-2.537139892578125000e+02
-8.718608398437500000e+02
-5.382665405273437500e+02
-2.560544738769531250e+02
-9.081154785156250000e+02
-7.500654458999633789e-01
-1.288239746093750000e+02
-3.886279602050781250e+02
-3.372202634811401367e+00
-7.815847396850585938e-01
-2.625888366699218750e+02
-5.306714477539062500e+02
-1.312150268554687500e+02
-5.330569458007812500e+02
-2.603932800292968750e+02
-5.570291748046875000e+02
-1.343639831542968750e+02
-2.608372192382812500e+02
-2.596089477539062500e+02
-5.178427124023437500e+02
-1.305573272705078125e+02
-1.403585672378540039e+00
-6.390692749023437500e+02
-3.778505249023437500e+02
-5.629483699798583984e+00
-2.595300292968750000e+02
-3.909773864746093750e+02
-7.296431064605712891e-01
-3.915401611328125000e+02
-1.339704132080078125e+02
